ddaLine,118,256,198,201,16711935
ddaLine,133,49,215,108,16711935
ddaLine,296,112,432,193,16711935
ddaLine,329,89,373,71,16711935
parametricline,266,293,270,242,16711935
parametricline,23,231,186,167,16711935
parametricline,340,299,263,96,16711935
parametricline,221,64,309,46,26367
parametricline,439,102,472,182,26367
CircleDirect,50,113,67,113,16711680
checkFilling,45,108,16711680
checkFilling,46,120,65535
checkFilling,58,123,255
directEllipse,336,53,381,45,366,34,255
polarEllipse,389,289,474,272,398,221,255
